#shape: 20
1.00000e+00 5.99500e-01 3.16400e-01 2.10150e-01 1.74050e-01 1.64600e-01 1.38650e-01 1.26650e-01 1.23300e-01 1.34750e-01 1.58250e-01 2.12100e-01 1.61700e-01 1.52000e-01 1.09900e-01 8.40500e-02 6.95500e-02 5.66000e-02 4.65500e-02 4.10500e-02 
5.99500e-01 1.00000e+00 5.95400e-01 3.39750e-01 2.64150e-01 2.43050e-01 1.95500e-01 1.76100e-01 1.69950e-01 1.85800e-01 2.32100e-01 3.47450e-01 2.49950e-01 2.24750e-01 1.47600e-01 1.11000e-01 8.50500e-02 6.80500e-02 5.59000e-02 4.85500e-02 
3.16400e-01 5.95400e-01 1.00000e+00 6.82300e-01 4.72300e-01 4.25300e-01 3.16500e-01 2.70850e-01 2.63950e-01 2.96750e-01 3.97650e-01 6.82600e-01 4.41550e-01 3.81250e-01 2.26850e-01 1.52800e-01 1.13100e-01 8.73000e-02 6.87500e-02 5.80000e-02 
2.10150e-01 3.39750e-01 6.82300e-01 1.00000e+00 6.83850e-01 4.69200e-01 3.17450e-01 2.56650e-01 2.41050e-01 2.55850e-01 3.18600e-01 4.74000e-01 3.65650e-01 3.69300e-01 2.17300e-01 1.50800e-01 1.10900e-01 8.58000e-02 6.77000e-02 5.67500e-02 
1.74050e-01 2.64150e-01 4.72300e-01 6.83850e-01 1.00000e+00 6.79150e-01 3.97400e-01 2.98850e-01 2.61900e-01 2.66800e-01 3.07250e-01 4.25750e-01 3.82550e-01 4.41650e-01 2.51700e-01 1.67400e-01 1.15200e-01 9.09000e-02 7.39000e-02 6.07500e-02 
1.64600e-01 2.43050e-01 4.25300e-01 4.69200e-01 6.79150e-01 1.00000e+00 6.66100e-01 4.31750e-01 3.44000e-01 3.25700e-01 3.58400e-01 4.72950e-01 4.96950e-01 6.96250e-01 3.45750e-01 2.10850e-01 1.40950e-01 1.07800e-01 8.35000e-02 6.75500e-02 
1.38650e-01 1.95500e-01 3.16500e-01 3.17450e-01 3.97400e-01 6.66100e-01 1.00000e+00 6.63150e-01 4.26550e-01 3.45050e-01 3.26700e-01 3.59200e-01 3.43650e-01 4.15850e-01 2.40200e-01 1.58750e-01 1.14000e-01 8.81000e-02 7.00500e-02 5.88000e-02 
1.26650e-01 1.76100e-01 2.70850e-01 2.56650e-01 2.98850e-01 4.31750e-01 6.63150e-01 1.00000e+00 6.55300e-01 4.27000e-01 3.50250e-01 3.31950e-01 2.92700e-01 3.18700e-01 1.99550e-01 1.41250e-01 1.02850e-01 8.12000e-02 6.45000e-02 5.53000e-02 
1.23300e-01 1.69950e-01 2.63950e-01 2.41050e-01 2.61900e-01 3.44000e-01 4.26550e-01 6.55300e-01 1.00000e+00 6.63200e-01 4.32150e-01 3.42900e-01 2.78350e-01 2.76700e-01 1.78200e-01 1.23650e-01 9.42500e-02 7.67500e-02 6.30500e-02 5.24500e-02 
1.34750e-01 1.85800e-01 2.96750e-01 2.55850e-01 2.66800e-01 3.25700e-01 3.45050e-01 4.27000e-01 6.63200e-01 1.00000e+00 6.57300e-01 4.19950e-01 3.10350e-01 2.88650e-01 1.84050e-01 1.30800e-01 9.77500e-02 7.84000e-02 6.55500e-02 5.07500e-02 
1.58250e-01 2.32100e-01 3.97650e-01 3.18600e-01 3.07250e-01 3.58400e-01 3.26700e-01 3.50250e-01 4.32150e-01 6.57300e-01 1.00000e+00 6.62500e-01 4.00650e-01 3.40650e-01 2.05750e-01 1.43900e-01 1.03700e-01 8.07000e-02 6.68500e-02 5.60000e-02 
2.12100e-01 3.47450e-01 6.82600e-01 4.74000e-01 4.25750e-01 4.72950e-01 3.59200e-01 3.31950e-01 3.42900e-01 4.19950e-01 6.62500e-01 1.00000e+00 6.90700e-01 4.96650e-01 2.71450e-01 1.79350e-01 1.23600e-01 9.16000e-02 7.69500e-02 6.32500e-02 
1.61700e-01 2.49950e-01 4.41550e-01 3.65650e-01 3.82550e-01 4.96950e-01 3.43650e-01 2.92700e-01 2.78350e-01 3.10350e-01 4.00650e-01 6.90700e-01 1.00000e+00 6.96400e-01 3.51600e-01 2.15400e-01 1.45150e-01 1.05700e-01 8.49500e-02 7.00500e-02 
1.52000e-01 2.24750e-01 3.81250e-01 3.69300e-01 4.41650e-01 6.96250e-01 4.15850e-01 3.18700e-01 2.76700e-01 2.88650e-01 3.40650e-01 4.96650e-01 6.96400e-01 1.00000e+00 6.02000e-01 3.14750e-01 1.91650e-01 1.35950e-01 1.04800e-01 7.94500e-02 
1.09900e-01 1.47600e-01 2.26850e-01 2.17300e-01 2.51700e-01 3.45750e-01 2.40200e-01 1.99550e-01 1.78200e-01 1.84050e-01 2.05750e-01 2.71450e-01 3.51600e-01 6.02000e-01 1.00000e+00 5.94300e-01 3.09300e-01 1.92450e-01 1.35000e-01 1.05350e-01 
8.40500e-02 1.11000e-01 1.52800e-01 1.50800e-01 1.67400e-01 2.10850e-01 1.58750e-01 1.41250e-01 1.23650e-01 1.30800e-01 1.43900e-01 1.79350e-01 2.15400e-01 3.14750e-01 5.94300e-01 1.00000e+00 6.00450e-01 3.14500e-01 1.97500e-01 1.38550e-01 
6.95500e-02 8.50500e-02 1.13100e-01 1.10900e-01 1.15200e-01 1.40950e-01 1.14000e-01 1.02850e-01 9.42500e-02 9.77500e-02 1.03700e-01 1.23600e-01 1.45150e-01 1.91650e-01 3.09300e-01 6.00450e-01 1.00000e+00 5.99250e-01 3.16050e-01 2.00150e-01 
5.66000e-02 6.80500e-02 8.73000e-02 8.58000e-02 9.09000e-02 1.07800e-01 8.81000e-02 8.12000e-02 7.67500e-02 7.84000e-02 8.07000e-02 9.16000e-02 1.05700e-01 1.35950e-01 1.92450e-01 3.14500e-01 5.99250e-01 1.00000e+00 6.01650e-01 3.12150e-01 
4.65500e-02 5.59000e-02 6.87500e-02 6.77000e-02 7.39000e-02 8.35000e-02 7.00500e-02 6.45000e-02 6.30500e-02 6.55500e-02 6.68500e-02 7.69500e-02 8.49500e-02 1.04800e-01 1.35000e-01 1.97500e-01 3.16050e-01 6.01650e-01 1.00000e+00 6.03300e-01 
4.10500e-02 4.85500e-02 5.80000e-02 5.67500e-02 6.07500e-02 6.75500e-02 5.88000e-02 5.53000e-02 5.24500e-02 5.07500e-02 5.60000e-02 6.32500e-02 7.00500e-02 7.94500e-02 1.05350e-01 1.38550e-01 2.00150e-01 3.12150e-01 6.03300e-01 1.00000e+00 
