#shape: 200
1.00000e+00 9.88200e-01 7.40800e-01 4.60300e-01 3.07500e-01 2.30400e-01 1.70500e-01 1.32600e-01 1.06600e-01 8.76000e-02 8.84000e-02 9.36000e-02 1.12200e-01 1.49100e-01 2.01400e-01 1.75300e-01 1.46300e-01 1.23000e-01 1.04800e-01 9.22000e-02 7.74000e-02 7.32000e-02 6.44000e-02 6.25000e-02 5.64000e-02 5.73000e-02 5.45000e-02 4.72000e-02 4.84000e-02 4.63000e-02 4.53000e-02 4.78000e-02 4.69000e-02 4.81000e-02 4.35000e-02 4.41000e-02 4.61000e-02 4.61000e-02 4.72000e-02 5.06000e-02 5.44000e-02 5.57000e-02 5.69000e-02 5.52000e-02 5.58000e-02 5.25000e-02 4.69000e-02 4.80000e-02 4.72000e-02 4.52000e-02 4.46000e-02 4.35000e-02 3.82000e-02 3.57000e-02 3.59000e-02 3.78000e-02 3.87000e-02 3.40000e-02 3.19000e-02 3.01000e-02 3.23000e-02 3.09000e-02 3.09000e-02 2.78000e-02 2.48000e-02 2.32000e-02 2.18000e-02 2.06000e-02 2.06000e-02 2.26000e-02 2.63000e-02 2.37000e-02 2.40000e-02 2.31000e-02 2.18000e-02 1.89000e-02 1.67000e-02 1.51000e-02 1.58000e-02 1.58000e-02 1.48000e-02 1.65000e-02 1.61000e-02 1.52000e-02 1.26000e-02 1.22000e-02 1.13000e-02 1.17000e-02 1.14000e-02 1.20000e-02 1.28000e-02 1.12000e-02 1.18000e-02 1.25000e-02 1.14000e-02 1.21000e-02 9.50000e-03 7.90000e-03 7.50000e-03 6.80000e-03 7.40000e-03 7.40000e-03 7.70000e-03 6.90000e-03 6.30000e-03 6.40000e-03 7.00000e-03 8.10000e-03 7.40000e-03 7.00000e-03 6.80000e-03 6.50000e-03 6.10000e-03 5.60000e-03 6.30000e-03 6.50000e-03 8.10000e-03 5.40000e-03 5.40000e-03 6.70000e-03 6.20000e-03 6.90000e-03 5.90000e-03 6.70000e-03 7.00000e-03 7.60000e-03 6.30000e-03 7.70000e-03 7.30000e-03 6.30000e-03 7.90000e-03 8.40000e-03 9.40000e-03 9.70000e-03 1.00000e-02 9.90000e-03 9.70000e-03 1.11000e-02 1.18000e-02 1.09000e-02 1.12000e-02 1.12000e-02 1.21000e-02 1.40000e-02 1.26000e-02 1.23000e-02 1.12000e-02 1.27000e-02 1.42000e-02 1.43000e-02 1.35000e-02 1.46000e-02 1.59000e-02 1.58000e-02 1.57000e-02 1.43000e-02 1.66000e-02 1.39000e-02 1.55000e-02 1.70000e-02 1.65000e-02 1.28000e-02 1.17000e-02 1.27000e-02 1.34000e-02 1.34000e-02 1.53000e-02 1.57000e-02 2.05000e-02 2.07000e-02 2.20000e-02 2.30000e-02 2.42000e-02 2.43000e-02 2.84000e-02 2.90000e-02 3.23000e-02 2.81000e-02 2.79000e-02 2.93000e-02 2.58000e-02 2.51000e-02 2.40000e-02 2.52000e-02 2.58000e-02 2.57000e-02 2.64000e-02 2.44000e-02 2.66000e-02 2.32000e-02 2.20000e-02 2.25000e-02 2.29000e-02 1.99000e-02 2.02000e-02 1.65000e-02 1.55000e-02 1.44000e-02 1.33000e-02 1.42000e-02 
9.88200e-01 1.00000e+00 9.87400e-01 7.23700e-01 4.42200e-01 2.94500e-01 2.17400e-01 1.61300e-01 1.24900e-01 1.05100e-01 1.01900e-01 1.01400e-01 1.29600e-01 1.86500e-01 2.73300e-01 2.19400e-01 1.77900e-01 1.38400e-01 1.15900e-01 9.59000e-02 8.36000e-02 7.52000e-02 6.84000e-02 6.51000e-02 5.80000e-02 5.65000e-02 5.35000e-02 5.11000e-02 4.89000e-02 4.64000e-02 4.57000e-02 5.01000e-02 4.80000e-02 4.39000e-02 4.24000e-02 4.35000e-02 4.71000e-02 4.77000e-02 4.92000e-02 5.09000e-02 5.26000e-02 5.82000e-02 5.84000e-02 5.50000e-02 4.93000e-02 5.03000e-02 4.99000e-02 4.90000e-02 4.64000e-02 4.63000e-02 4.52000e-02 4.20000e-02 3.63000e-02 3.41000e-02 3.32000e-02 3.53000e-02 3.50000e-02 3.35000e-02 3.01000e-02 2.92000e-02 2.92000e-02 3.06000e-02 3.22000e-02 2.93000e-02 2.33000e-02 2.25000e-02 2.24000e-02 1.90000e-02 2.17000e-02 2.23000e-02 2.44000e-02 2.31000e-02 2.35000e-02 2.22000e-02 2.04000e-02 1.94000e-02 1.97000e-02 1.43000e-02 1.26000e-02 1.56000e-02 1.57000e-02 1.50000e-02 1.53000e-02 1.46000e-02 1.19000e-02 1.12000e-02 1.05000e-02 1.16000e-02 1.22000e-02 1.22000e-02 1.18000e-02 1.19000e-02 1.14000e-02 1.15000e-02 1.09000e-02 9.40000e-03 9.50000e-03 9.40000e-03 7.60000e-03 6.50000e-03 5.80000e-03 5.30000e-03 5.60000e-03 5.40000e-03 6.20000e-03 6.10000e-03 5.70000e-03 7.60000e-03 6.70000e-03 6.10000e-03 6.60000e-03 7.30000e-03 5.90000e-03 5.20000e-03 5.20000e-03 5.50000e-03 5.40000e-03 5.60000e-03 5.90000e-03 6.00000e-03 6.00000e-03 5.70000e-03 6.80000e-03 6.90000e-03 6.00000e-03 6.30000e-03 5.10000e-03 6.30000e-03 7.00000e-03 6.40000e-03 7.60000e-03 8.90000e-03 9.60000e-03 9.80000e-03 8.90000e-03 8.80000e-03 8.20000e-03 8.40000e-03 1.08000e-02 9.50000e-03 9.80000e-03 9.80000e-03 1.10000e-02 1.28000e-02 1.20000e-02 1.19000e-02 1.15000e-02 1.19000e-02 1.32000e-02 1.22000e-02 1.09000e-02 1.40000e-02 1.57000e-02 1.50000e-02 1.38000e-02 1.39000e-02 1.51000e-02 1.47000e-02 1.55000e-02 1.46000e-02 1.53000e-02 1.34000e-02 1.15000e-02 1.30000e-02 1.25000e-02 1.21000e-02 1.51000e-02 1.42000e-02 1.87000e-02 1.96000e-02 2.12000e-02 2.30000e-02 2.43000e-02 2.45000e-02 2.53000e-02 2.79000e-02 2.99000e-02 2.81000e-02 2.63000e-02 2.42000e-02 2.45000e-02 2.46000e-02 2.40000e-02 2.42000e-02 2.41000e-02 2.54000e-02 2.39000e-02 2.39000e-02 2.30000e-02 2.37000e-02 2.41000e-02 2.16000e-02 2.06000e-02 2.12000e-02 1.91000e-02 1.86000e-02 1.52000e-02 1.38000e-02 1.19000e-02 1.35000e-02 
7.40800e-01 9.87400e-01 1.00000e+00 9.86300e-01 7.25600e-01 4.55100e-01 3.22200e-01 2.42300e-01 1.71500e-01 1.32300e-01 1.31900e-01 1.34700e-01 1.80200e-01 2.86500e-01 4.12400e-01 3.09000e-01 2.24700e-01 1.72500e-01 1.36800e-01 1.05800e-01 8.67000e-02 7.67000e-02 6.62000e-02 6.51000e-02 5.88000e-02 5.76000e-02 5.49000e-02 5.22000e-02 4.60000e-02 4.86000e-02 4.74000e-02 4.48000e-02 4.47000e-02 4.36000e-02 4.45000e-02 4.26000e-02 4.70000e-02 4.80000e-02 4.96000e-02 5.44000e-02 5.56000e-02 5.80000e-02 5.96000e-02 5.85000e-02 5.30000e-02 5.10000e-02 5.26000e-02 5.30000e-02 5.02000e-02 4.59000e-02 4.60000e-02 4.30000e-02 3.64000e-02 3.52000e-02 3.42000e-02 3.43000e-02 3.65000e-02 3.29000e-02 2.84000e-02 2.84000e-02 3.03000e-02 2.83000e-02 2.92000e-02 2.63000e-02 2.29000e-02 2.00000e-02 1.89000e-02 1.97000e-02 2.10000e-02 2.36000e-02 2.55000e-02 2.48000e-02 2.53000e-02 2.07000e-02 2.01000e-02 1.92000e-02 1.72000e-02 1.44000e-02 1.56000e-02 1.41000e-02 1.63000e-02 1.49000e-02 1.46000e-02 1.26000e-02 1.10000e-02 1.07000e-02 1.01000e-02 1.16000e-02 8.60000e-03 1.13000e-02 1.17000e-02 1.09000e-02 1.15000e-02 1.13000e-02 1.02000e-02 8.40000e-03 8.30000e-03 8.80000e-03 7.20000e-03 4.40000e-03 5.80000e-03 6.40000e-03 4.20000e-03 4.60000e-03 5.90000e-03 5.60000e-03 5.00000e-03 5.30000e-03 6.40000e-03 4.60000e-03 4.40000e-03 5.70000e-03 4.60000e-03 3.90000e-03 4.30000e-03 5.00000e-03 6.00000e-03 5.40000e-03 5.50000e-03 5.80000e-03 5.30000e-03 6.50000e-03 5.50000e-03 4.90000e-03 4.50000e-03 4.20000e-03 4.50000e-03 5.30000e-03 7.60000e-03 6.50000e-03 6.30000e-03 8.50000e-03 8.10000e-03 9.60000e-03 7.50000e-03 7.60000e-03 8.80000e-03 8.80000e-03 8.40000e-03 9.50000e-03 1.06000e-02 1.11000e-02 1.12000e-02 1.01000e-02 1.18000e-02 1.13000e-02 1.00000e-02 1.06000e-02 1.15000e-02 1.23000e-02 1.15000e-02 1.37000e-02 1.23000e-02 1.42000e-02 1.36000e-02 1.44000e-02 1.42000e-02 1.45000e-02 1.31000e-02 1.29000e-02 1.13000e-02 1.09000e-02 1.09000e-02 1.32000e-02 1.22000e-02 1.23000e-02 1.48000e-02 1.34000e-02 1.60000e-02 1.86000e-02 1.98000e-02 2.31000e-02 2.42000e-02 2.48000e-02 2.61000e-02 2.75000e-02 2.80000e-02 2.72000e-02 2.66000e-02 2.62000e-02 2.68000e-02 2.76000e-02 2.24000e-02 2.22000e-02 2.22000e-02 2.02000e-02 2.28000e-02 2.44000e-02 2.47000e-02 2.04000e-02 2.27000e-02 2.15000e-02 2.10000e-02 1.90000e-02 1.62000e-02 1.72000e-02 1.35000e-02 1.25000e-02 1.13000e-02 1.25000e-02 
4.60300e-01 7.23700e-01 9.86300e-01 1.00000e+00 9.89100e-01 7.68200e-01 5.48400e-01 4.04300e-01 2.62200e-01 1.99800e-01 2.02400e-01 1.99000e-01 2.74200e-01 4.60400e-01 6.44200e-01 4.44100e-01 2.94600e-01 2.07600e-01 1.55000e-01 1.17100e-01 9.40000e-02 8.11000e-02 7.15000e-02 6.53000e-02 5.90000e-02 5.98000e-02 5.33000e-02 5.19000e-02 4.98000e-02 4.62000e-02 4.84000e-02 4.64000e-02 4.43000e-02 4.47000e-02 4.33000e-02 4.45000e-02 4.69000e-02 4.98000e-02 4.97000e-02 5.52000e-02 5.75000e-02 5.85000e-02 5.92000e-02 6.04000e-02 5.46000e-02 5.38000e-02 5.43000e-02 5.23000e-02 4.82000e-02 4.63000e-02 4.21000e-02 4.23000e-02 3.71000e-02 3.79000e-02 3.55000e-02 3.50000e-02 3.57000e-02 3.28000e-02 2.79000e-02 2.75000e-02 2.85000e-02 2.81000e-02 2.75000e-02 2.53000e-02 2.28000e-02 2.05000e-02 2.03000e-02 1.88000e-02 2.15000e-02 2.20000e-02 2.36000e-02 2.16000e-02 2.35000e-02 2.27000e-02 1.97000e-02 2.01000e-02 1.58000e-02 1.28000e-02 1.38000e-02 1.41000e-02 1.37000e-02 1.34000e-02 1.12000e-02 1.18000e-02 1.03000e-02 9.50000e-03 8.70000e-03 9.90000e-03 1.11000e-02 1.13000e-02 1.14000e-02 1.06000e-02 1.19000e-02 1.10000e-02 9.40000e-03 8.20000e-03 7.80000e-03 6.40000e-03 6.80000e-03 4.90000e-03 5.00000e-03 6.10000e-03 5.80000e-03 4.40000e-03 4.00000e-03 5.10000e-03 5.90000e-03 5.40000e-03 4.80000e-03 4.10000e-03 4.80000e-03 4.70000e-03 3.80000e-03 3.50000e-03 4.00000e-03 4.20000e-03 5.10000e-03 5.20000e-03 4.70000e-03 5.50000e-03 5.60000e-03 6.50000e-03 5.30000e-03 5.70000e-03 4.60000e-03 5.20000e-03 5.80000e-03 5.70000e-03 6.30000e-03 6.80000e-03 5.80000e-03 5.80000e-03 7.40000e-03 7.40000e-03 6.60000e-03 6.70000e-03 7.00000e-03 7.20000e-03 8.70000e-03 8.50000e-03 9.60000e-03 1.10000e-02 1.08000e-02 1.00000e-02 1.03000e-02 1.03000e-02 1.00000e-02 1.10000e-02 1.09000e-02 1.17000e-02 1.16000e-02 1.17000e-02 1.15000e-02 1.19000e-02 1.08000e-02 1.27000e-02 1.20000e-02 1.14000e-02 1.15000e-02 1.04000e-02 1.08000e-02 1.04000e-02 8.60000e-03 1.07000e-02 9.30000e-03 1.02000e-02 1.11000e-02 1.17000e-02 1.47000e-02 1.70000e-02 1.77000e-02 1.90000e-02 2.07000e-02 2.07000e-02 2.23000e-02 2.64000e-02 2.70000e-02 2.53000e-02 2.58000e-02 2.60000e-02 2.24000e-02 2.32000e-02 2.12000e-02 2.05000e-02 2.16000e-02 2.37000e-02 2.19000e-02 2.12000e-02 2.16000e-02 2.05000e-02 2.04000e-02 2.05000e-02 1.80000e-02 1.60000e-02 1.51000e-02 1.36000e-02 1.27000e-02 1.17000e-02 1.11000e-02 1.32000e-02 
3.07500e-01 4.42200e-01 7.25600e-01 9.89100e-01 1.00000e+00 9.88700e-01 7.60600e-01 4.96300e-01 2.99600e-01 2.13700e-01 2.00500e-01 1.93200e-01 2.58500e-01 4.22500e-01 5.16500e-01 3.45500e-01 2.33800e-01 1.65000e-01 1.31100e-01 1.04500e-01 8.36000e-02 7.38000e-02 6.51000e-02 5.96000e-02 5.31000e-02 5.17000e-02 4.78000e-02 4.51000e-02 4.67000e-02 4.82000e-02 4.38000e-02 4.28000e-02 4.04000e-02 4.10000e-02 3.86000e-02 3.91000e-02 4.57000e-02 4.30000e-02 4.44000e-02 4.62000e-02 5.01000e-02 5.21000e-02 4.99000e-02 5.27000e-02 4.93000e-02 5.06000e-02 4.61000e-02 4.38000e-02 4.15000e-02 4.13000e-02 3.67000e-02 3.72000e-02 3.53000e-02 3.54000e-02 3.16000e-02 3.15000e-02 3.14000e-02 3.01000e-02 2.79000e-02 2.71000e-02 2.94000e-02 2.81000e-02 2.63000e-02 2.29000e-02 2.15000e-02 1.67000e-02 1.86000e-02 1.96000e-02 1.95000e-02 2.16000e-02 2.15000e-02 2.08000e-02 2.03000e-02 2.21000e-02 2.12000e-02 2.03000e-02 1.71000e-02 1.59000e-02 1.48000e-02 1.41000e-02 1.62000e-02 1.34000e-02 1.18000e-02 1.14000e-02 1.09000e-02 1.01000e-02 9.10000e-03 9.90000e-03 1.07000e-02 1.19000e-02 1.05000e-02 1.04000e-02 9.90000e-03 1.03000e-02 9.00000e-03 8.30000e-03 8.00000e-03 5.90000e-03 6.10000e-03 5.50000e-03 5.90000e-03 5.40000e-03 5.20000e-03 3.60000e-03 4.00000e-03 5.50000e-03 6.00000e-03 6.00000e-03 3.70000e-03 3.50000e-03 4.60000e-03 5.30000e-03 4.90000e-03 3.80000e-03 3.60000e-03 5.00000e-03 4.80000e-03 5.80000e-03 4.60000e-03 4.50000e-03 5.70000e-03 4.70000e-03 5.30000e-03 5.60000e-03 6.00000e-03 5.70000e-03 6.30000e-03 6.80000e-03 6.20000e-03 5.20000e-03 6.00000e-03 6.80000e-03 6.80000e-03 7.00000e-03 6.00000e-03 6.20000e-03 6.90000e-03 6.70000e-03 8.20000e-03 8.90000e-03 9.20000e-03 9.40000e-03 9.40000e-03 9.10000e-03 9.60000e-03 9.20000e-03 1.02000e-02 1.12000e-02 1.10000e-02 1.01000e-02 1.09000e-02 1.12000e-02 1.25000e-02 1.17000e-02 1.10000e-02 1.13000e-02 1.13000e-02 9.60000e-03 1.10000e-02 1.01000e-02 9.10000e-03 1.00000e-02 7.90000e-03 1.01000e-02 9.80000e-03 1.08000e-02 1.18000e-02 1.27000e-02 1.61000e-02 1.57000e-02 1.83000e-02 1.84000e-02 1.95000e-02 2.04000e-02 2.21000e-02 2.48000e-02 2.48000e-02 2.55000e-02 2.36000e-02 2.40000e-02 2.28000e-02 2.13000e-02 2.08000e-02 2.08000e-02 2.04000e-02 2.39000e-02 2.31000e-02 2.11000e-02 2.12000e-02 1.97000e-02 1.91000e-02 1.87000e-02 1.77000e-02 1.62000e-02 1.54000e-02 1.39000e-02 1.28000e-02 1.26000e-02 1.10000e-02 1.32000e-02 
2.30400e-01 2.94500e-01 4.55100e-01 7.68200e-01 9.88700e-01 1.00000e+00 9.89400e-01 7.31000e-01 4.15500e-01 2.73500e-01 2.39700e-01 2.16100e-01 2.72500e-01 4.28300e-01 4.62400e-01 2.99400e-01 2.02000e-01 1.41700e-01 1.12700e-01 9.35000e-02 7.77000e-02 6.51000e-02 5.70000e-02 5.22000e-02 4.80000e-02 4.31000e-02 4.24000e-02 3.71000e-02 3.86000e-02 3.94000e-02 3.61000e-02 3.70000e-02 3.26000e-02 3.52000e-02 3.74000e-02 3.56000e-02 3.67000e-02 4.15000e-02 4.25000e-02 4.57000e-02 4.60000e-02 4.83000e-02 4.63000e-02 4.70000e-02 4.48000e-02 4.45000e-02 4.17000e-02 3.67000e-02 4.06000e-02 3.81000e-02 3.55000e-02 3.43000e-02 2.94000e-02 3.08000e-02 3.02000e-02 2.78000e-02 2.70000e-02 2.81000e-02 2.50000e-02 2.33000e-02 2.56000e-02 2.41000e-02 2.29000e-02 2.09000e-02 2.05000e-02 1.66000e-02 1.75000e-02 1.77000e-02 1.75000e-02 1.86000e-02 1.84000e-02 1.91000e-02 1.79000e-02 1.70000e-02 1.68000e-02 1.49000e-02 1.57000e-02 1.49000e-02 1.41000e-02 1.35000e-02 1.42000e-02 1.41000e-02 1.24000e-02 1.13000e-02 1.11000e-02 9.70000e-03 9.70000e-03 1.08000e-02 1.04000e-02 1.19000e-02 1.14000e-02 1.02000e-02 9.90000e-03 1.12000e-02 1.08000e-02 8.90000e-03 8.80000e-03 8.40000e-03 5.90000e-03 6.70000e-03 7.00000e-03 6.00000e-03 5.90000e-03 4.80000e-03 5.10000e-03 5.40000e-03 5.90000e-03 6.50000e-03 5.40000e-03 5.50000e-03 5.50000e-03 6.70000e-03 5.10000e-03 4.10000e-03 4.70000e-03 5.70000e-03 5.20000e-03 5.70000e-03 4.50000e-03 5.70000e-03 5.80000e-03 5.30000e-03 7.20000e-03 7.20000e-03 6.60000e-03 6.50000e-03 8.10000e-03 9.00000e-03 7.70000e-03 6.30000e-03 7.20000e-03 8.70000e-03 7.30000e-03 7.60000e-03 7.30000e-03 7.80000e-03 8.70000e-03 8.10000e-03 7.80000e-03 9.60000e-03 9.50000e-03 1.00000e-02 9.80000e-03 1.09000e-02 1.15000e-02 9.80000e-03 1.04000e-02 1.14000e-02 1.02000e-02 1.05000e-02 1.01000e-02 1.23000e-02 1.32000e-02 1.20000e-02 9.50000e-03 1.11000e-02 1.25000e-02 1.03000e-02 1.02000e-02 9.20000e-03 8.90000e-03 1.00000e-02 9.30000e-03 9.30000e-03 1.10000e-02 1.17000e-02 1.11000e-02 1.18000e-02 1.50000e-02 1.83000e-02 2.07000e-02 1.96000e-02 1.78000e-02 2.18000e-02 2.16000e-02 2.38000e-02 2.34000e-02 2.21000e-02 2.36000e-02 2.26000e-02 2.05000e-02 2.09000e-02 1.97000e-02 2.00000e-02 1.85000e-02 2.20000e-02 2.13000e-02 1.96000e-02 1.93000e-02 1.75000e-02 1.76000e-02 1.72000e-02 1.82000e-02 1.61000e-02 1.41000e-02 1.38000e-02 1.20000e-02 1.07000e-02 1.12000e-02 1.24000e-02 
1.70500e-01 2.17400e-01 3.22200e-01 5.48400e-01 7.60600e-01 9.89400e-01 1.00000e+00 9.86000e-01 6.99200e-01 4.42300e-01 3.56900e-01 2.97000e-01 3.45900e-01 5.12800e-01 4.58000e-01 2.77100e-01 1.89100e-01 1.25300e-01 1.02900e-01 8.36000e-02 6.77000e-02 5.76000e-02 4.85000e-02 4.48000e-02 4.04000e-02 3.79000e-02 3.74000e-02 3.75000e-02 3.34000e-02 3.47000e-02 3.43000e-02 3.10000e-02 3.25000e-02 3.32000e-02 3.26000e-02 3.26000e-02 3.26000e-02 3.49000e-02 3.76000e-02 4.08000e-02 3.90000e-02 4.07000e-02 3.88000e-02 4.03000e-02 3.68000e-02 3.80000e-02 3.52000e-02 3.16000e-02 3.16000e-02 3.13000e-02 3.17000e-02 2.81000e-02 2.65000e-02 2.69000e-02 2.47000e-02 2.33000e-02 2.21000e-02 2.18000e-02 2.19000e-02 2.03000e-02 2.17000e-02 2.12000e-02 1.98000e-02 1.92000e-02 1.69000e-02 1.48000e-02 1.56000e-02 1.60000e-02 1.54000e-02 1.48000e-02 1.82000e-02 1.77000e-02 1.69000e-02 1.54000e-02 1.47000e-02 1.43000e-02 1.56000e-02 1.24000e-02 1.05000e-02 1.26000e-02 1.36000e-02 1.33000e-02 1.26000e-02 1.20000e-02 1.04000e-02 8.80000e-03 8.90000e-03 9.60000e-03 9.70000e-03 1.16000e-02 1.18000e-02 9.60000e-03 8.60000e-03 9.20000e-03 9.90000e-03 9.00000e-03 8.30000e-03 8.90000e-03 6.90000e-03 7.80000e-03 6.70000e-03 7.00000e-03 7.00000e-03 4.90000e-03 6.00000e-03 5.50000e-03 6.60000e-03 7.60000e-03 6.60000e-03 5.00000e-03 6.40000e-03 6.40000e-03 5.70000e-03 4.50000e-03 4.90000e-03 6.20000e-03 6.50000e-03 6.10000e-03 7.10000e-03 7.20000e-03 8.30000e-03 7.10000e-03 7.80000e-03 8.00000e-03 7.90000e-03 7.00000e-03 7.00000e-03 9.20000e-03 7.50000e-03 6.10000e-03 6.80000e-03 6.30000e-03 7.30000e-03 7.40000e-03 7.70000e-03 7.50000e-03 8.80000e-03 7.90000e-03 8.20000e-03 9.40000e-03 9.30000e-03 1.08000e-02 8.70000e-03 9.20000e-03 9.60000e-03 9.40000e-03 8.60000e-03 9.70000e-03 8.10000e-03 8.70000e-03 8.90000e-03 1.04000e-02 1.05000e-02 1.00000e-02 9.80000e-03 1.11000e-02 1.20000e-02 1.14000e-02 1.02000e-02 1.01000e-02 1.10000e-02 8.30000e-03 9.10000e-03 1.11000e-02 1.04000e-02 1.13000e-02 1.11000e-02 1.18000e-02 1.39000e-02 1.62000e-02 1.69000e-02 1.71000e-02 1.60000e-02 1.81000e-02 1.85000e-02 2.06000e-02 2.08000e-02 2.27000e-02 2.19000e-02 1.99000e-02 2.04000e-02 2.00000e-02 1.72000e-02 1.77000e-02 1.65000e-02 1.77000e-02 1.83000e-02 1.69000e-02 1.83000e-02 1.69000e-02 1.60000e-02 1.62000e-02 1.39000e-02 1.31000e-02 1.36000e-02 1.25000e-02 1.24000e-02 1.10000e-02 1.04000e-02 1.12000e-02 
1.32600e-01 1.61300e-01 2.42300e-01 4.04300e-01 4.96300e-01 7.31000e-01 9.86000e-01 1.00000e+00 9.88900e-01 7.89100e-01 6.12700e-01 4.80400e-01 5.18200e-01 6.69300e-01 4.93100e-01 2.76300e-01 1.63200e-01 1.15100e-01 8.39000e-02 6.64000e-02 5.57000e-02 4.60000e-02 4.17000e-02 3.54000e-02 3.42000e-02 3.35000e-02 2.90000e-02 3.31000e-02 2.90000e-02 2.82000e-02 2.78000e-02 2.52000e-02 2.43000e-02 2.56000e-02 2.63000e-02 2.56000e-02 2.55000e-02 3.01000e-02 2.79000e-02 3.03000e-02 3.18000e-02 3.15000e-02 3.38000e-02 3.35000e-02 3.03000e-02 2.97000e-02 2.73000e-02 2.70000e-02 2.72000e-02 2.54000e-02 2.64000e-02 2.65000e-02 2.18000e-02 2.34000e-02 2.24000e-02 2.09000e-02 1.78000e-02 1.79000e-02 1.69000e-02 1.56000e-02 1.94000e-02 1.82000e-02 1.52000e-02 1.48000e-02 1.35000e-02 1.46000e-02 1.58000e-02 1.59000e-02 1.27000e-02 1.41000e-02 1.63000e-02 1.34000e-02 1.36000e-02 1.25000e-02 1.32000e-02 1.32000e-02 1.48000e-02 1.48000e-02 1.36000e-02 1.17000e-02 1.40000e-02 1.32000e-02 1.23000e-02 1.24000e-02 1.07000e-02 1.10000e-02 1.15000e-02 1.23000e-02 1.05000e-02 1.01000e-02 1.04000e-02 9.50000e-03 1.01000e-02 9.90000e-03 9.90000e-03 1.07000e-02 9.10000e-03 7.90000e-03 7.80000e-03 8.20000e-03 8.10000e-03 7.80000e-03 8.80000e-03 7.00000e-03 7.20000e-03 7.20000e-03 8.20000e-03 7.40000e-03 8.00000e-03 6.40000e-03 7.90000e-03 8.90000e-03 7.30000e-03 6.20000e-03 8.10000e-03 7.50000e-03 7.30000e-03 8.70000e-03 8.00000e-03 8.70000e-03 7.90000e-03 8.00000e-03 9.50000e-03 9.40000e-03 9.00000e-03 7.60000e-03 8.90000e-03 8.90000e-03 8.80000e-03 7.00000e-03 7.30000e-03 6.30000e-03 6.70000e-03 7.70000e-03 7.50000e-03 7.40000e-03 8.80000e-03 8.00000e-03 7.30000e-03 7.40000e-03 7.90000e-03 7.40000e-03 8.30000e-03 8.10000e-03 7.00000e-03 9.70000e-03 7.70000e-03 7.70000e-03 6.70000e-03 7.00000e-03 7.10000e-03 7.30000e-03 7.40000e-03 7.80000e-03 8.30000e-03 8.10000e-03 8.80000e-03 7.80000e-03 9.40000e-03 9.30000e-03 9.50000e-03 8.30000e-03 9.10000e-03 1.08000e-02 1.07000e-02 1.36000e-02 1.16000e-02 1.25000e-02 1.31000e-02 1.45000e-02 1.43000e-02 1.38000e-02 1.28000e-02 1.45000e-02 1.62000e-02 1.56000e-02 1.73000e-02 1.90000e-02 1.56000e-02 1.54000e-02 1.65000e-02 1.59000e-02 1.58000e-02 1.50000e-02 1.29000e-02 1.28000e-02 1.35000e-02 1.49000e-02 1.61000e-02 1.43000e-02 1.34000e-02 1.37000e-02 1.14000e-02 1.26000e-02 1.07000e-02 1.16000e-02 1.37000e-02 1.15000e-02 1.17000e-02 1.25000e-02 
1.06600e-01 1.24900e-01 1.71500e-01 2.62200e-01 2.99600e-01 4.15500e-01 6.99200e-01 9.88900e-01 1.00000e+00 9.91100e-01 7.95200e-01 5.58000e-01 5.10400e-01 5.96300e-01 3.71700e-01 2.00800e-01 1.19100e-01 8.63000e-02 6.93000e-02 5.19000e-02 4.78000e-02 4.15000e-02 3.65000e-02 3.10000e-02 2.98000e-02 2.95000e-02 2.51000e-02 2.63000e-02 2.41000e-02 2.49000e-02 2.36000e-02 2.09000e-02 2.10000e-02 2.03000e-02 2.19000e-02 2.18000e-02 2.18000e-02 2.28000e-02 2.57000e-02 2.58000e-02 2.96000e-02 2.92000e-02 3.09000e-02 2.90000e-02 2.56000e-02 2.53000e-02 2.44000e-02 2.13000e-02 2.30000e-02 2.21000e-02 2.25000e-02 2.07000e-02 2.01000e-02 1.83000e-02 1.65000e-02 1.68000e-02 1.55000e-02 1.57000e-02 1.45000e-02 1.53000e-02 1.60000e-02 1.57000e-02 1.32000e-02 1.45000e-02 1.37000e-02 1.53000e-02 1.49000e-02 1.52000e-02 1.29000e-02 1.26000e-02 1.42000e-02 1.23000e-02 1.16000e-02 1.06000e-02 1.05000e-02 1.31000e-02 1.35000e-02 1.46000e-02 1.36000e-02 1.29000e-02 1.45000e-02 1.38000e-02 1.43000e-02 1.34000e-02 1.16000e-02 1.15000e-02 1.18000e-02 1.27000e-02 1.09000e-02 9.40000e-03 1.05000e-02 8.80000e-03 9.40000e-03 9.60000e-03 9.40000e-03 1.10000e-02 1.09000e-02 1.03000e-02 9.70000e-03 9.80000e-03 8.90000e-03 1.00000e-02 9.90000e-03 9.20000e-03 1.01000e-02 9.00000e-03 1.02000e-02 1.02000e-02 1.00000e-02 8.70000e-03 9.10000e-03 9.80000e-03 1.02000e-02 9.00000e-03 1.08000e-02 8.60000e-03 9.30000e-03 8.70000e-03 1.01000e-02 9.40000e-03 1.04000e-02 9.10000e-03 1.01000e-02 1.03000e-02 1.06000e-02 1.00000e-02 1.08000e-02 1.23000e-02 1.02000e-02 9.60000e-03 9.30000e-03 9.50000e-03 7.10000e-03 1.02000e-02 8.70000e-03 8.70000e-03 9.80000e-03 8.80000e-03 7.30000e-03 7.30000e-03 6.80000e-03 7.00000e-03 7.50000e-03 6.60000e-03 7.00000e-03 8.20000e-03 7.00000e-03 6.80000e-03 7.10000e-03 6.80000e-03 7.40000e-03 6.20000e-03 7.10000e-03 7.50000e-03 8.00000e-03 7.80000e-03 8.60000e-03 7.90000e-03 8.30000e-03 8.80000e-03 7.20000e-03 7.30000e-03 8.30000e-03 1.06000e-02 1.22000e-02 1.45000e-02 1.37000e-02 1.19000e-02 1.50000e-02 1.56000e-02 1.43000e-02 1.41000e-02 1.27000e-02 1.43000e-02 1.43000e-02 1.50000e-02 1.64000e-02 1.59000e-02 1.63000e-02 1.40000e-02 1.45000e-02 1.44000e-02 1.43000e-02 1.48000e-02 1.23000e-02 1.29000e-02 1.23000e-02 1.44000e-02 1.40000e-02 1.36000e-02 1.29000e-02 1.13000e-02 1.11000e-02 1.14000e-02 1.33000e-02 1.36000e-02 1.51000e-02 1.28000e-02 1.24000e-02 1.34000e-02 
8.76000e-02 1.05100e-01 1.32300e-01 1.99800e-01 2.13700e-01 2.73500e-01 4.42300e-01 7.89100e-01 9.91100e-01 1.00000e+00 9.90900e-01 7.68900e-01 6.08600e-01 5.98700e-01 3.36600e-01 1.83100e-01 1.07900e-01 8.30000e-02 6.15000e-02 5.07000e-02 4.22000e-02 3.62000e-02 3.49000e-02 3.23000e-02 3.03000e-02 2.72000e-02 2.50000e-02 2.58000e-02 2.31000e-02 2.28000e-02 2.06000e-02 1.84000e-02 1.87000e-02 1.86000e-02 2.05000e-02 2.14000e-02 2.19000e-02 2.41000e-02 2.27000e-02 2.57000e-02 2.79000e-02 2.75000e-02 2.73000e-02 2.59000e-02 2.55000e-02 2.44000e-02 2.27000e-02 2.14000e-02 2.32000e-02 2.06000e-02 1.95000e-02 1.93000e-02 1.87000e-02 1.72000e-02 1.46000e-02 1.50000e-02 1.53000e-02 1.71000e-02 1.51000e-02 1.48000e-02 1.53000e-02 1.46000e-02 1.30000e-02 1.52000e-02 1.50000e-02 1.43000e-02 1.54000e-02 1.61000e-02 1.37000e-02 1.32000e-02 1.26000e-02 1.31000e-02 1.29000e-02 1.21000e-02 1.23000e-02 1.23000e-02 1.36000e-02 1.42000e-02 1.38000e-02 1.65000e-02 1.63000e-02 1.71000e-02 1.41000e-02 1.37000e-02 1.38000e-02 1.30000e-02 1.24000e-02 1.25000e-02 1.15000e-02 1.19000e-02 1.04000e-02 9.10000e-03 9.30000e-03 9.50000e-03 9.00000e-03 1.12000e-02 1.18000e-02 1.29000e-02 1.17000e-02 1.15000e-02 1.10000e-02 1.16000e-02 1.03000e-02 1.06000e-02 1.04000e-02 1.12000e-02 9.70000e-03 9.00000e-03 1.04000e-02 1.10000e-02 9.60000e-03 1.03000e-02 1.07000e-02 1.06000e-02 1.15000e-02 1.18000e-02 1.10000e-02 1.01000e-02 1.21000e-02 1.24000e-02 1.15000e-02 9.80000e-03 8.70000e-03 9.90000e-03 1.00000e-02 1.14000e-02 1.06000e-02 1.22000e-02 1.03000e-02 9.70000e-03 8.70000e-03 8.90000e-03 7.00000e-03 9.40000e-03 9.00000e-03 8.30000e-03 9.00000e-03 8.40000e-03 6.60000e-03 8.00000e-03 6.50000e-03 6.00000e-03 6.30000e-03 6.30000e-03 7.20000e-03 7.70000e-03 7.20000e-03 5.80000e-03 6.10000e-03 6.80000e-03 6.60000e-03 6.30000e-03 6.80000e-03 7.20000e-03 7.60000e-03 8.10000e-03 8.80000e-03 8.00000e-03 8.30000e-03 8.20000e-03 7.80000e-03 7.40000e-03 9.70000e-03 1.29000e-02 1.38000e-02 1.21000e-02 1.40000e-02 1.39000e-02 1.54000e-02 1.39000e-02 1.36000e-02 1.37000e-02 1.46000e-02 1.39000e-02 1.61000e-02 1.71000e-02 1.67000e-02 1.46000e-02 1.48000e-02 1.45000e-02 1.57000e-02 1.30000e-02 1.26000e-02 1.31000e-02 1.22000e-02 1.28000e-02 1.26000e-02 1.48000e-02 1.50000e-02 1.44000e-02 1.28000e-02 1.24000e-02 1.22000e-02 1.19000e-02 1.35000e-02 1.31000e-02 1.40000e-02 1.42000e-02 1.46000e-02 1.47000e-02 
8.84000e-02 1.01900e-01 1.31900e-01 2.02400e-01 2.00500e-01 2.39700e-01 3.56900e-01 6.12700e-01 7.95200e-01 9.90900e-01 1.00000e+00 9.92500e-01 8.58300e-01 7.61500e-01 4.09800e-01 2.10500e-01 1.26500e-01 9.46000e-02 7.02000e-02 5.27000e-02 4.61000e-02 4.07000e-02 3.55000e-02 3.42000e-02 3.17000e-02 2.74000e-02 2.48000e-02 2.69000e-02 2.56000e-02 2.20000e-02 2.45000e-02 1.96000e-02 2.07000e-02 2.23000e-02 2.24000e-02 2.31000e-02 2.37000e-02 2.60000e-02 2.65000e-02 2.72000e-02 2.88000e-02 2.91000e-02 2.72000e-02 2.58000e-02 2.72000e-02 2.79000e-02 2.33000e-02 2.36000e-02 2.32000e-02 2.25000e-02 2.18000e-02 2.03000e-02 1.91000e-02 1.74000e-02 1.69000e-02 1.65000e-02 1.62000e-02 1.89000e-02 1.30000e-02 1.55000e-02 1.51000e-02 1.49000e-02 1.42000e-02 1.47000e-02 1.64000e-02 1.39000e-02 1.59000e-02 1.72000e-02 1.67000e-02 1.57000e-02 1.42000e-02 1.24000e-02 1.44000e-02 1.39000e-02 1.38000e-02 1.28000e-02 1.42000e-02 1.52000e-02 1.51000e-02 1.52000e-02 1.65000e-02 1.64000e-02 1.49000e-02 1.48000e-02 1.41000e-02 1.35000e-02 1.36000e-02 1.29000e-02 1.13000e-02 1.09000e-02 1.08000e-02 1.04000e-02 1.01000e-02 1.08000e-02 1.00000e-02 1.12000e-02 1.20000e-02 1.24000e-02 1.29000e-02 1.13000e-02 1.17000e-02 1.12000e-02 1.12000e-02 1.17000e-02 1.03000e-02 8.90000e-03 1.01000e-02 1.05000e-02 1.17000e-02 1.27000e-02 1.15000e-02 1.11000e-02 1.12000e-02 1.07000e-02 1.20000e-02 1.11000e-02 1.06000e-02 9.60000e-03 1.09000e-02 1.23000e-02 1.10000e-02 1.05000e-02 9.80000e-03 9.60000e-03 9.40000e-03 1.07000e-02 9.40000e-03 1.09000e-02 1.07000e-02 9.60000e-03 8.00000e-03 8.90000e-03 7.20000e-03 8.90000e-03 1.01000e-02 8.30000e-03 9.90000e-03 9.00000e-03 7.10000e-03 7.10000e-03 6.80000e-03 7.40000e-03 6.60000e-03 6.30000e-03 7.50000e-03 9.20000e-03 7.40000e-03 6.20000e-03 6.10000e-03 6.40000e-03 6.60000e-03 6.80000e-03 7.70000e-03 7.70000e-03 9.30000e-03 8.50000e-03 8.50000e-03 6.90000e-03 9.30000e-03 9.20000e-03 8.10000e-03 7.30000e-03 1.07000e-02 1.17000e-02 1.24000e-02 1.42000e-02 1.49000e-02 1.49000e-02 1.55000e-02 1.34000e-02 1.35000e-02 1.51000e-02 1.40000e-02 1.39000e-02 1.53000e-02 1.55000e-02 1.66000e-02 1.62000e-02 1.44000e-02 1.46000e-02 1.46000e-02 1.36000e-02 1.22000e-02 1.14000e-02 1.16000e-02 1.26000e-02 1.18000e-02 1.37000e-02 1.52000e-02 1.45000e-02 1.11000e-02 1.21000e-02 1.09000e-02 1.14000e-02 1.26000e-02 1.37000e-02 1.36000e-02 1.43000e-02 1.38000e-02 1.32000e-02 
9.36000e-02 1.01400e-01 1.34700e-01 1.99000e-01 1.93200e-01 2.16100e-01 2.97000e-01 4.80400e-01 5.58000e-01 7.68900e-01 9.92500e-01 1.00000e+00 9.91200e-01 8.32600e-01 4.43600e-01 2.36600e-01 1.40200e-01 1.03000e-01 7.81000e-02 6.41000e-02 5.57000e-02 4.61000e-02 4.14000e-02 3.60000e-02 3.42000e-02 3.08000e-02 2.90000e-02 3.05000e-02 2.72000e-02 2.53000e-02 2.58000e-02 2.33000e-02 2.35000e-02 2.23000e-02 2.24000e-02 2.28000e-02 2.51000e-02 2.99000e-02 3.14000e-02 3.17000e-02 3.47000e-02 3.12000e-02 3.00000e-02 3.13000e-02 3.07000e-02 2.87000e-02 2.84000e-02 2.67000e-02 2.57000e-02 2.46000e-02 2.46000e-02 2.22000e-02 1.91000e-02 2.02000e-02 2.06000e-02 1.95000e-02 1.81000e-02 1.73000e-02 1.59000e-02 1.73000e-02 1.78000e-02 1.55000e-02 1.55000e-02 1.59000e-02 1.55000e-02 1.46000e-02 1.85000e-02 1.94000e-02 1.64000e-02 1.72000e-02 1.52000e-02 1.47000e-02 1.62000e-02 1.49000e-02 1.54000e-02 1.27000e-02 1.38000e-02 1.59000e-02 1.56000e-02 1.43000e-02 1.60000e-02 1.53000e-02 1.61000e-02 1.31000e-02 1.38000e-02 1.25000e-02 1.29000e-02 1.27000e-02 1.11000e-02 1.05000e-02 1.02000e-02 9.30000e-03 1.01000e-02 1.03000e-02 9.50000e-03 1.08000e-02 1.17000e-02 1.14000e-02 1.26000e-02 1.14000e-02 1.07000e-02 1.00000e-02 1.14000e-02 1.25000e-02 1.15000e-02 9.90000e-03 1.02000e-02 1.05000e-02 1.09000e-02 1.24000e-02 1.14000e-02 1.26000e-02 1.23000e-02 1.05000e-02 1.13000e-02 1.05000e-02 1.01000e-02 1.07000e-02 1.15000e-02 1.20000e-02 1.09000e-02 1.01000e-02 1.02000e-02 1.07000e-02 1.01000e-02 1.00000e-02 9.90000e-03 9.10000e-03 1.11000e-02 9.00000e-03 1.01000e-02 1.01000e-02 8.00000e-03 8.60000e-03 8.50000e-03 8.20000e-03 9.00000e-03 9.80000e-03 7.50000e-03 7.90000e-03 8.10000e-03 7.90000e-03 8.20000e-03 7.90000e-03 7.80000e-03 8.10000e-03 7.70000e-03 6.80000e-03 6.80000e-03 6.40000e-03 6.50000e-03 8.90000e-03 8.50000e-03 8.90000e-03 7.70000e-03 7.60000e-03 7.60000e-03 9.10000e-03 8.60000e-03 7.50000e-03 8.10000e-03 8.60000e-03 9.50000e-03 1.07000e-02 1.23000e-02 1.39000e-02 1.43000e-02 1.52000e-02 1.64000e-02 1.52000e-02 1.37000e-02 1.46000e-02 1.53000e-02 1.60000e-02 1.66000e-02 1.64000e-02 1.88000e-02 1.68000e-02 1.64000e-02 1.55000e-02 1.65000e-02 1.42000e-02 1.56000e-02 1.19000e-02 1.27000e-02 1.30000e-02 1.45000e-02 1.35000e-02 1.40000e-02 1.30000e-02 1.19000e-02 1.18000e-02 1.00000e-02 1.20000e-02 1.40000e-02 1.47000e-02 1.51000e-02 1.47000e-02 1.50000e-02 1.44000e-02 
1.12200e-01 1.29600e-01 1.80200e-01 2.74200e-01 2.58500e-01 2.72500e-01 3.45900e-01 5.18200e-01 5.10400e-01 6.08600e-01 8.58300e-01 9.91200e-01 1.00000e+00 9.91500e-01 6.79500e-01 3.62900e-01 2.07100e-01 1.38800e-01 1.04800e-01 7.90000e-02 6.87000e-02 5.48000e-02 5.02000e-02 4.28000e-02 4.04000e-02 3.75000e-02 3.01000e-02 3.27000e-02 3.24000e-02 3.00000e-02 2.95000e-02 2.99000e-02 2.79000e-02 2.79000e-02 2.76000e-02 2.97000e-02 2.95000e-02 3.51000e-02 3.31000e-02 3.53000e-02 4.15000e-02 3.55000e-02 3.64000e-02 3.67000e-02 3.64000e-02 3.15000e-02 3.15000e-02 2.87000e-02 2.97000e-02 2.86000e-02 2.81000e-02 2.47000e-02 2.51000e-02 2.27000e-02 2.44000e-02 2.24000e-02 2.03000e-02 2.07000e-02 1.71000e-02 1.91000e-02 1.74000e-02 1.79000e-02 1.84000e-02 1.84000e-02 1.83000e-02 1.68000e-02 1.90000e-02 1.93000e-02 1.79000e-02 1.75000e-02 1.65000e-02 1.63000e-02 1.65000e-02 1.56000e-02 1.70000e-02 1.43000e-02 1.42000e-02 1.56000e-02 1.55000e-02 1.51000e-02 1.46000e-02 1.65000e-02 1.49000e-02 1.27000e-02 1.24000e-02 1.22000e-02 1.08000e-02 1.12000e-02 1.01000e-02 9.90000e-03 9.20000e-03 9.50000e-03 1.02000e-02 8.30000e-03 1.00000e-02 1.12000e-02 1.06000e-02 1.12000e-02 1.08000e-02 9.70000e-03 9.40000e-03 9.20000e-03 9.50000e-03 9.20000e-03 9.30000e-03 9.60000e-03 1.00000e-02 1.04000e-02 9.90000e-03 1.07000e-02 9.20000e-03 9.40000e-03 9.80000e-03 9.20000e-03 1.02000e-02 1.04000e-02 1.04000e-02 1.16000e-02 1.07000e-02 1.08000e-02 1.04000e-02 1.01000e-02 9.70000e-03 1.01000e-02 1.04000e-02 9.30000e-03 8.80000e-03 1.03000e-02 1.07000e-02 8.90000e-03 8.50000e-03 8.50000e-03 7.30000e-03 8.90000e-03 8.10000e-03 7.60000e-03 8.60000e-03 8.40000e-03 7.90000e-03 7.80000e-03 7.60000e-03 8.40000e-03 8.30000e-03 7.40000e-03 7.40000e-03 9.30000e-03 7.80000e-03 6.50000e-03 7.60000e-03 7.50000e-03 8.00000e-03 8.00000e-03 8.80000e-03 8.30000e-03 9.30000e-03 9.10000e-03 8.50000e-03 9.20000e-03 1.01000e-02 9.10000e-03 8.90000e-03 9.50000e-03 1.10000e-02 1.20000e-02 1.30000e-02 1.43000e-02 1.54000e-02 1.72000e-02 1.77000e-02 1.66000e-02 1.59000e-02 1.65000e-02 1.70000e-02 1.81000e-02 1.69000e-02 1.81000e-02 2.08000e-02 2.04000e-02 1.90000e-02 1.86000e-02 1.54000e-02 1.41000e-02 1.45000e-02 1.46000e-02 1.49000e-02 1.55000e-02 1.69000e-02 1.50000e-02 1.69000e-02 1.51000e-02 1.40000e-02 1.29000e-02 1.40000e-02 1.40000e-02 1.43000e-02 1.61000e-02 1.66000e-02 1.44000e-02 1.48000e-02 1.44000e-02 
1.49100e-01 1.86500e-01 2.86500e-01 4.60400e-01 4.22500e-01 4.28300e-01 5.12800e-01 6.69300e-01 5.96300e-01 5.98700e-01 7.61500e-01 8.32600e-01 9.91500e-01 1.00000e+00 9.85300e-01 6.61900e-01 3.48400e-01 2.16500e-01 1.47300e-01 1.11500e-01 9.12000e-02 7.20000e-02 6.09000e-02 5.14000e-02 4.94000e-02 4.68000e-02 4.25000e-02 4.21000e-02 4.09000e-02 3.74000e-02 3.46000e-02 3.48000e-02 3.47000e-02 3.54000e-02 3.44000e-02 3.56000e-02 3.52000e-02 3.94000e-02 3.93000e-02 4.19000e-02 4.73000e-02 4.41000e-02 4.74000e-02 4.68000e-02 4.63000e-02 4.24000e-02 4.09000e-02 3.62000e-02 3.67000e-02 3.49000e-02 3.44000e-02 3.03000e-02 3.00000e-02 2.69000e-02 2.74000e-02 2.65000e-02 2.42000e-02 2.39000e-02 2.17000e-02 2.23000e-02 2.20000e-02 2.22000e-02 2.06000e-02 2.09000e-02 1.89000e-02 1.87000e-02 1.94000e-02 1.97000e-02 1.82000e-02 1.87000e-02 1.79000e-02 1.80000e-02 1.83000e-02 1.72000e-02 1.66000e-02 1.46000e-02 1.49000e-02 1.46000e-02 1.46000e-02 1.43000e-02 1.30000e-02 1.53000e-02 1.24000e-02 1.20000e-02 1.24000e-02 9.50000e-03 1.02000e-02 1.10000e-02 8.80000e-03 8.50000e-03 8.10000e-03 8.60000e-03 9.40000e-03 9.30000e-03 8.20000e-03 9.10000e-03 9.20000e-03 9.00000e-03 8.70000e-03 9.00000e-03 8.60000e-03 7.90000e-03 7.20000e-03 7.40000e-03 7.20000e-03 7.30000e-03 7.50000e-03 6.80000e-03 7.20000e-03 7.40000e-03 6.80000e-03 5.80000e-03 6.50000e-03 6.00000e-03 7.50000e-03 7.30000e-03 8.40000e-03 8.90000e-03 7.70000e-03 8.40000e-03 8.70000e-03 8.00000e-03 7.70000e-03 8.50000e-03 1.01000e-02 9.80000e-03 9.00000e-03 8.20000e-03 7.90000e-03 7.90000e-03 7.60000e-03 6.90000e-03 5.90000e-03 6.20000e-03 5.90000e-03 6.90000e-03 6.30000e-03 7.40000e-03 6.50000e-03 6.70000e-03 7.30000e-03 8.10000e-03 6.20000e-03 7.00000e-03 7.70000e-03 8.10000e-03 7.40000e-03 7.90000e-03 7.30000e-03 8.60000e-03 8.50000e-03 8.60000e-03 8.50000e-03 7.20000e-03 8.80000e-03 7.40000e-03 7.80000e-03 7.70000e-03 9.40000e-03 8.50000e-03 7.40000e-03 7.80000e-03 8.10000e-03 1.01000e-02 1.16000e-02 1.21000e-02 1.26000e-02 1.48000e-02 1.47000e-02 1.51000e-02 1.65000e-02 1.69000e-02 1.70000e-02 1.63000e-02 1.89000e-02 1.93000e-02 2.07000e-02 2.07000e-02 2.00000e-02 1.79000e-02 1.75000e-02 1.82000e-02 1.77000e-02 1.52000e-02 1.49000e-02 1.74000e-02 1.62000e-02 1.65000e-02 1.40000e-02 1.53000e-02 1.51000e-02 1.37000e-02 1.31000e-02 1.40000e-02 1.28000e-02 1.33000e-02 1.35000e-02 1.36000e-02 1.28000e-02 1.36000e-02 
2.01400e-01 2.73300e-01 4.12400e-01 6.44200e-01 5.16500e-01 4.62400e-01 4.58000e-01 4.93100e-01 3.71700e-01 3.36600e-01 4.09800e-01 4.43600e-01 6.79500e-01 9.85300e-01 1.00000e+00 9.85200e-01 6.96300e-01 4.10400e-01 2.63600e-01 1.91200e-01 1.44800e-01 1.18400e-01 9.45000e-02 8.08000e-02 7.77000e-02 7.59000e-02 7.07000e-02 6.43000e-02 6.07000e-02 6.01000e-02 5.61000e-02 5.49000e-02 5.29000e-02 5.41000e-02 5.50000e-02 5.17000e-02 5.59000e-02 5.67000e-02 5.87000e-02 6.73000e-02 7.39000e-02 7.06000e-02 7.26000e-02 7.51000e-02 7.11000e-02 6.46000e-02 6.32000e-02 6.07000e-02 5.83000e-02 5.35000e-02 5.12000e-02 4.40000e-02 4.16000e-02 4.24000e-02 4.03000e-02 3.96000e-02 3.63000e-02 3.45000e-02 3.07000e-02 3.23000e-02 3.29000e-02 3.14000e-02 3.02000e-02 2.70000e-02 2.44000e-02 2.46000e-02 2.26000e-02 2.08000e-02 2.04000e-02 2.32000e-02 2.27000e-02 2.28000e-02 2.34000e-02 2.27000e-02 2.19000e-02 2.03000e-02 1.78000e-02 1.49000e-02 1.43000e-02 1.68000e-02 1.72000e-02 1.56000e-02 1.41000e-02 1.22000e-02 1.17000e-02 8.70000e-03 8.00000e-03 8.10000e-03 9.00000e-03 1.14000e-02 8.80000e-03 1.00000e-02 1.16000e-02 1.02000e-02 1.07000e-02 1.01000e-02 9.30000e-03 7.60000e-03 6.70000e-03 6.10000e-03 6.50000e-03 5.30000e-03 6.70000e-03 4.80000e-03 4.70000e-03 5.40000e-03 4.50000e-03 5.80000e-03 5.70000e-03 5.80000e-03 5.20000e-03 5.90000e-03 5.10000e-03 4.20000e-03 5.80000e-03 6.00000e-03 5.70000e-03 5.80000e-03 5.80000e-03 7.30000e-03 6.00000e-03 5.20000e-03 5.40000e-03 6.10000e-03 6.00000e-03 7.20000e-03 5.80000e-03 7.10000e-03 7.40000e-03 6.20000e-03 6.90000e-03 7.50000e-03 6.20000e-03 6.00000e-03 6.10000e-03 6.10000e-03 6.90000e-03 7.00000e-03 7.50000e-03 9.20000e-03 7.90000e-03 1.02000e-02 9.80000e-03 9.10000e-03 9.40000e-03 9.90000e-03 9.90000e-03 1.02000e-02 9.40000e-03 9.10000e-03 1.11000e-02 1.16000e-02 9.90000e-03 8.60000e-03 1.03000e-02 9.70000e-03 1.17000e-02 1.03000e-02 1.07000e-02 8.20000e-03 8.70000e-03 8.20000e-03 7.50000e-03 8.40000e-03 9.80000e-03 1.17000e-02 1.37000e-02 1.29000e-02 1.40000e-02 1.56000e-02 2.08000e-02 2.22000e-02 2.12000e-02 2.32000e-02 2.64000e-02 2.88000e-02 3.15000e-02 2.72000e-02 2.46000e-02 2.53000e-02 2.40000e-02 2.31000e-02 2.29000e-02 2.33000e-02 2.11000e-02 2.28000e-02 2.16000e-02 2.11000e-02 2.03000e-02 2.06000e-02 2.10000e-02 1.91000e-02 1.70000e-02 1.76000e-02 1.55000e-02 1.41000e-02 1.39000e-02 1.21000e-02 1.12000e-02 1.18000e-02 
1.75300e-01 2.19400e-01 3.09000e-01 4.44100e-01 3.45500e-01 2.99400e-01 2.77100e-01 2.76300e-01 2.00800e-01 1.83100e-01 2.10500e-01 2.36600e-01 3.62900e-01 6.61900e-01 9.85200e-01 1.00000e+00 9.86700e-01 7.15700e-01 4.37000e-01 2.96200e-01 2.21000e-01 1.75300e-01 1.42000e-01 1.15800e-01 1.05400e-01 1.04200e-01 9.93000e-02 9.05000e-02 9.10000e-02 8.60000e-02 7.64000e-02 7.69000e-02 7.68000e-02 7.78000e-02 7.73000e-02 7.65000e-02 7.32000e-02 7.94000e-02 8.62000e-02 9.66000e-02 1.07200e-01 1.05800e-01 1.06200e-01 1.10700e-01 1.00500e-01 9.69000e-02 9.39000e-02 8.63000e-02 7.97000e-02 7.05000e-02 6.98000e-02 6.45000e-02 5.65000e-02 5.61000e-02 5.24000e-02 5.30000e-02 5.19000e-02 4.81000e-02 4.36000e-02 4.40000e-02 4.35000e-02 4.22000e-02 4.00000e-02 3.68000e-02 3.34000e-02 3.28000e-02 2.81000e-02 2.59000e-02 2.54000e-02 2.98000e-02 2.87000e-02 3.10000e-02 2.91000e-02 2.94000e-02 2.78000e-02 2.61000e-02 2.22000e-02 1.89000e-02 1.53000e-02 1.79000e-02 1.67000e-02 1.60000e-02 1.62000e-02 1.43000e-02 1.32000e-02 1.08000e-02 8.50000e-03 1.14000e-02 1.01000e-02 1.07000e-02 1.23000e-02 1.28000e-02 1.37000e-02 1.18000e-02 1.19000e-02 1.10000e-02 8.20000e-03 7.60000e-03 6.70000e-03 5.90000e-03 6.20000e-03 6.40000e-03 5.40000e-03 5.30000e-03 4.60000e-03 4.40000e-03 4.70000e-03 4.60000e-03 5.80000e-03 6.60000e-03 5.40000e-03 5.60000e-03 5.30000e-03 3.70000e-03 5.30000e-03 6.10000e-03 6.30000e-03 5.90000e-03 5.10000e-03 6.00000e-03 5.20000e-03 5.20000e-03 5.10000e-03 5.50000e-03 5.50000e-03 6.40000e-03 5.80000e-03 5.80000e-03 5.30000e-03 4.20000e-03 5.80000e-03 6.00000e-03 6.40000e-03 5.40000e-03 6.40000e-03 6.80000e-03 7.40000e-03 7.90000e-03 9.00000e-03 9.20000e-03 1.03000e-02 1.00000e-02 1.11000e-02 1.08000e-02 9.60000e-03 1.10000e-02 1.18000e-02 1.14000e-02 1.06000e-02 1.19000e-02 1.18000e-02 1.19000e-02 1.25000e-02 1.19000e-02 1.17000e-02 1.31000e-02 1.41000e-02 1.32000e-02 1.28000e-02 1.30000e-02 1.25000e-02 9.80000e-03 8.70000e-03 1.07000e-02 1.14000e-02 1.17000e-02 1.25000e-02 1.46000e-02 1.62000e-02 1.91000e-02 2.32000e-02 2.50000e-02 2.71000e-02 2.74000e-02 3.33000e-02 3.39000e-02 3.42000e-02 3.34000e-02 3.38000e-02 3.12000e-02 2.90000e-02 3.00000e-02 2.70000e-02 2.77000e-02 2.77000e-02 2.86000e-02 2.76000e-02 2.50000e-02 2.61000e-02 2.61000e-02 2.54000e-02 2.38000e-02 2.15000e-02 1.86000e-02 1.77000e-02 1.52000e-02 1.37000e-02 1.28000e-02 1.11000e-02 1.39000e-02 
